00010000000000000000000000000000000000000000000000000000000
00001000000000000000000000000000000000000000000000000000000
00111000000000000000000000000000000000000000000000000000000
00000000000000000000000000000000000000000000000000000000000
00000000000000000000000000000000000000000000000000000000000
00000000000000000000000000000000000000000000000000000000000
00000000000000000000000000000000000000000000000000000000000
00000000000000000000000000000000000000011000000000000000000
00000000000000000000000000000000000000011000000000000000000
00000000000000000000000000000000000000000000000000000000000
00000000000000000000000000000000000000000000000000000000000
00000000000000000000000000000000000000000000000000000000000
00000000000000000000000000000000000000000000000000000000000
00000000000000000000000000000000000000000000000000000000000
00000000000000000000000000000000000000000000000000000000000
00000000000000000001000000000000000000000000000000000000000
00000000000000000001000000000000000000000000000000000000000
00000000000000000010100000000000000000000000000000000000000
00000000000000000001000000000000000000000000000000000000000
00000000000000000001000000000000000000000000000000000000000
00000000000000000001000000000000000000000000000000000000000
00000000000000000001000000000000000000000000000000000000000
00000000000000000010100000000000000000000000000000000000000
00000000000000000001000000000000000000000000000000000000000
00000000000000000001000000000000000000000000000000000000000
00000000000000000000000000000000000000000000000000000000000
00000000000000000000000000000000000000000000000000000000000
00000000000000000000000000000000000000000000000000000000000
